0 0 0 0 0 0
0 0.125 0.0976801 0 0 0
0 0.25 0.433084 0 0 0
0 0.375 1.00057 0 0 0
0 0.5 1.83608 0 0 0
0 0.625 2.99817 0 0 0
0 0.75 0 0 0 0
0 0.875 4.25359 0 0 0
0 1 0 0 1 0

0.125 0 0.0976801 0 0 0
0.125 0.125 0.203316 -0.000763453 -0.0209732 0.0166566
0.125 0.25 0.336323 -0.0033851 -0.0354797 0.0546146
0.125 0.375 0.513206 -0.00782006 -0.0522253 0.109966
0.125 0.5 0.661841 -0.0143482 -0.0726261 0.177115
0.125 0.625 0.524395 -0.0234265 -0.0861174 0.23947
0.125 0.75 -0.872206 -0.0341911 0.00767722 0.258298
0.125 0.875 -2.52726 -0.0332315 0.265852 0.208119
0.125 1 -11.7464 0 1 0

0.25 0 0.364031 0 0 0
0.25 0.125 0.28339 -0.00284552 -0.0589312 0.0159133
0.25 0.25 0.209553 -0.0102119 -0.0908307 0.0489092
0.25 0.375 0.0983732 -0.0215658 -0.119375 0.0937184
0.25 0.5 -0.145957 -0.0364876 -0.134981 0.143264
0.25 0.625 -0.708837 -0.0533602 -0.104945 0.180901
0.25 0.75 -1.94378 -0.0664784 0.0578557 0.178127
0.25 0.875 -4.06349 -0.0592464 0.473971 0.1163
0.25 1 -8.41667 0 1 0

0.375 0 0.618483 0 0 0
0.375 0.125 0.353354 -0.00483468 -0.0919272 0.00683283
0.375 0.25 0.12413 -0.0163256 -0.13564 0.0207129
0.375 0.375 -0.163924 -0.0332806 -0.16892 0.0399473
0.375 0.5 -0.618004 -0.0543956 -0.172617 0.0623166
0.375 0.625 -1.36707 -0.0759728 -0.102172 0.0804621
0.375 0.75 -2.5633 -0.0887443 0.119683 0.0795691
0.375 0.875 -4.31747 -0.0737839 0.590271 0.0472037
0.375 1 -6.55608 0 1 0

0.5 0 0.727742 0 0 0
0.5 0.125 0.382128 -0.00568879 -0.105807 -0.00569809
0.5 0.25 0.0926257 -0.0189147 -0.154874 -0.016776
0.5 0.375 -0.263364 -0.038274 -0.19129 -0.0293887
0.5 0.5 -0.810384 -0.0621852 -0.190763 -0.0384547
0.5 0.625 -1.6626 -0.0860306 -0.101279 -0.0378787
0.5 0.75 -2.87023 -0.0986904 0.152048 -0.0258829
0.5 0.875 -4.3528 -0.0796844 0.637475 -0.0114705
0.5 1 -5.80092 0 1 0

0.625 0 0.636643 0 0 0
0.625 0.125 0.356675 -0.00497653 -0.0947293 -0.0160309
0.625 0.25 0.124056 -0.0168177 -0.142262 -0.0488013
0.625 0.375 -0.181023 -0.0346004 -0.182224 -0.0919787
0.625 0.5 -0.708194 -0.0573783 -0.191339 -0.136094
0.625 0.625 -1.61686 -0.0812957 -0.113275 -0.161922
0.625 0.75 -2.95767 -0.0954551 0.137636 -0.144681
0.625 0.875 -4.49737 -0.0782505 0.626004 -0.0852734
0.625 1 -5.9844 0 1 0

0.75 0 0.380316 0 0 0
0.75 0.125 0.293288 -0.00297267 -0.0619588 -0.0175474
0.75 0.25 0.227171 -0.0107175 -0.0990842 -0.0575304
0.75 0.375 0.110765 -0.0231031 -0.138108 -0.117157
0.75 0.5 -0.223553 -0.0403666 -0.165511 -0.191442
0.75 0.625 -1.06364 -0.0610555 -0.130516 -0.259882
0.75 0.75 -2.69493 -0.07737 0.0782289 -0.272801
0.75 0.875 -4.67857 -0.0675914 0.540731 -0.207593
0.75 1 -7.34862 0 1 0

0.875 0 0.0997105 0 0 0
0.875 0.125 0.216442 -0.000779246 -0.0219759 -0.00623397
0.875 0.25 0.37442 -0.00352623 -0.0394578 -0.0282098
0.875 0.375 0.590836 -0.00845845 -0.0638232 -0.0676676
0.875 0.5 0.745586 -0.0164364 -0.0970706 -0.131491
0.875 0.625 0.414778 -0.0285702 -0.117597 -0.228561
0.875 0.75 -1.63179 -0.0432698 0.0130201 -0.346158
0.875 0.875 -3.56531 -0.0416423 0.333138 -0.333138
0.875 1 -10.6699 0 1 0

1 0 0 0 0 0
1 0.125 0.0997105 0 0 0
1 0.25 0.451174 0 0 0
1 0.375 1.08231 0 0 0
1 0.5 2.10335 0 0 0
1 0.625 3.65646 0 0 0
1 0.75 0 0 0 0
1 0.875 5.33008 0 0 0
1 1 0 0 1 0

